=~=~=~=~=~=~=~=~=~=~=~= PuTTY log 2025.04.09 16:10:51 =~=~=~=~=~=~=~=~=~=~=~=
Choisissez la methode :
1 - Chronoamperometrie
2 - Voltammetrie cyclique
Methode selectionnee : Chronoamperometrie
Entrez E1 (en Volts) :
Entrez E2 (en Volts) :
Entrez le temps de transition (en secondes) :
Parametres enregistres.
E1 = -0.50 V, E2 = 0.50 V, Vitesse = 10.00 s
Entrez le facteur d'affichage (valeur par défaut = 1, valeur utilisée pour les mesures = 4) :
Facteur d'affichage choisi : 4
Entrez 'ok' pour commencer l'expérience.
Debut
Temps (s) tension (mV) courant (uA)
0.000000;-500;49.07
0.029000;-500;-198.97
0.050000;-500;-198.97
0.073000;-500;-198.97
0.094000;-500;-198.97
0.116000;-500;-198.97
0.139000;-500;-198.97
0.162000;-500;-198.97
0.185000;-500;-198.97
0.208000;-500;-198.97
0.231000;-500;-198.97
0.253000;-500;-198.97
0.277000;-500;-198.97
0.299000;-500;-198.97
0.322000;-500;-198.97
0.345000;-500;-198.97
0.368000;-500;-198.97
0.390000;-500;-176.35
0.414000;-500;-162.31
0.436000;-500;-156.07
0.459000;-500;-144.76
0.483000;-500;-135.40
0.505000;-500;-122.92
0.528000;-500;-121.75
0.551000;-500;-116.68
0.574000;-500;-111.22
0.596000;-500;-105.76
0.620000;-500;-94.84
0.641000;-500;-95.62
0.663000;-500;-94.45
0.685000;-500;-90.55
0.707000;-500;-87.43
0.728000;-500;-83.92
0.751000;-500;-76.12
0.772000;-500;-79.63
0.794000;-500;-76.90
0.816000;-500;-75.73
0.838000;-500;-73.00
0.859000;-500;-62.86
0.882000;-500;-63.64
0.903000;-500;-65.20
0.925000;-500;-63.64
0.947000;-500;-63.25
0.969000;-500;-60.91
0.990000;-500;-52.72
1.013000;-500;-58.96
1.035000;-500;-49.60
1.058000;-500;-54.67
1.082000;-500;-53.50
1.104000;-500;-52.33
1.127000;-500;-51.16
1.150000;-500;-44.53
1.173000;-500;-49.21
1.195000;-500;-48.43
1.219000;-500;-47.26
1.241000;-500;-46.09
1.264000;-500;-44.14
1.287000;-500;-43.75
1.310000;-500;-43.36
1.332000;-500;-43.36
1.356000;-500;-40.63
1.379000;-500;-34.39
1.401000;-500;-34.39
1.425000;-500;-38.68
1.447000;-500;-37.90
1.471000;-500;-38.29
1.493000;-500;-29.71
1.516000;-500;-35.17
1.539000;-500;-29.32
1.562000;-500;-34.78
1.584000;-500;-34.39
1.608000;-500;-33.22
1.630000;-500;-32.05
1.653000;-500;-32.05
1.676000;-500;-31.66
1.699000;-500;-30.88
1.722000;-500;-23.47
1.745000;-500;-28.54
1.768000;-500;-29.71
1.790000;-500;-28.54
1.814000;-500;-28.54
1.836000;-500;-21.13
1.859000;-500;-21.91
1.882000;-500;-27.37
1.905000;-500;-25.81
1.927000;-500;-25.81
1.951000;-500;-21.13
1.973000;-500;-19.18
1.996000;-500;-19.18
2.020000;-500;-24.25
2.042000;-500;-24.64
2.065000;-500;-22.69
2.088000;-500;-16.84
2.111000;-500;-21.52
2.133000;-500;-20.74
2.157000;-500;-21.91
2.179000;-500;-19.96
2.203000;-500;-20.74
2.225000;-500;-20.74
2.248000;-500;-20.35
2.271000;-500;-19.57
2.294000;-500;-18.79
2.316000;-500;-13.33
2.340000;-500;-19.18
2.363000;-500;-18.01
2.385000;-500;-17.62
2.409000;-500;-17.23
2.431000;-500;-11.38
2.454000;-500;-16.45
2.477000;-500;-16.45
2.500000;-500;-16.84
2.522000;-500;-15.28
2.546000;-500;-9.43
2.567000;-500;-15.67
2.590000;-500;-9.43
2.612000;-500;-14.89
2.635000;-500;-8.65
2.656000;-500;-14.50
2.680000;-500;-8.26
2.702000;-500;-14.89
2.724000;-500;-7.48
2.747000;-500;-9.04
2.768000;-500;-12.94
2.791000;-500;-7.09
2.813000;-500;-12.55
2.836000;-500;-7.09
2.857000;-500;-11.38
2.881000;-500;-5.92
2.902000;-500;-10.99
2.925000;-500;-5.92
2.947000;-500;-11.38
2.970000;-500;-6.31
2.991000;-500;-10.99
3.015000;-500;-4.75
3.036000;-500;-10.99
3.059000;-500;-4.36
3.081000;-500;-9.82
3.103000;-500;-9.43
3.124000;-500;-9.82
3.147000;-500;-9.82
3.168000;-500;-9.04
3.190000;-500;-3.97
3.212000;-500;-7.87
3.234000;-500;-9.43
3.256000;-500;-8.65
3.278000;-500;-7.87
3.300000;-500;-2.80
3.321000;-500;-2.80
3.344000;-500;-8.65
3.365000;-500;-8.65
3.387000;-500;-8.65
3.409000;-500;-1.24
3.431000;-500;-2.02
3.452000;-500;-7.09
3.475000;-500;-6.70
3.496000;-500;-6.70
3.518000;-500;-7.48
3.540000;-500;-0.85
3.562000;-500;-0.46
3.583000;-500;-6.31
3.606000;-500;-6.70
3.627000;-500;-5.92
3.649000;-500;-7.09
3.671000;-500;-5.53
3.693000;-500;0.71
3.713000;-500;-5.53
3.736000;-500;0.71
3.756000;-500;-5.53
3.778000;-500;-5.14
3.800000;-500;-0.46
3.822000;-500;0.32
3.842000;-500;-4.75
3.864000;-500;-0.85
3.886000;-500;-4.36
3.908000;-500;1.10
3.928000;-500;-3.58
3.951000;-500;-4.36
3.972000;-500;1.88
3.993000;-500;-3.58
4.015000;-500;-4.36
4.037000;-500;-5.14
4.058000;-500;3.05
4.080000;-500;-3.58
4.101000;-500;-3.19
4.123000;-500;-2.80
4.145000;-500;2.27
4.166000;-500;-2.80
4.187000;-500;-3.19
4.210000;-500;3.83
4.230000;-500;-2.80
4.252000;-500;-2.41
4.274000;-500;4.22
4.295000;-500;-2.02
4.316000;-500;-1.63
4.339000;-500;-1.63
4.360000;-500;3.83
4.381000;-500;-2.41
4.403000;-500;4.22
4.424000;-500;-1.63
4.445000;-500;-1.63
4.468000;-500;-1.24
4.489000;-500;-1.24
4.511000;-500;5.00
4.532000;-500;-1.63
4.554000;-500;-1.24
4.575000;-500;-1.24
4.597000;-500;5.00
4.618000;-500;-0.85
4.640000;-500;-0.85
4.661000;-500;5.00
4.683000;-500;-0.85
4.704000;-500;0.32
4.725000;-500;-0.46
4.747000;-500;-0.07
4.769000;-500;-0.07
4.790000;-500;0.71
4.812000;-500;1.10
4.832000;-500;0.32
4.853000;-500;0.32
4.874000;-500;5.78
4.895000;-500;0.71
4.915000;-500;6.56
4.937000;-500;0.71
4.957000;-500;6.95
4.978000;-500;0.71
4.999000;-500;1.10
5.020000;-500;0.32
5.040000;-500;1.49
5.061000;-500;1.49
5.082000;-500;1.49
5.103000;-500;7.73
5.123000;-500;1.88
5.145000;-500;8.51
5.165000;-500;2.27
5.186000;-500;6.56
5.207000;-500;2.27
5.228000;-500;1.88
5.248000;-500;1.88
5.270000;-500;2.66
5.290000;-500;2.27
5.311000;-500;1.88
5.332000;-500;2.66
5.353000;-500;2.66
5.373000;-500;8.51
5.394000;-500;2.27
5.415000;-500;3.44
5.436000;-500;2.27
5.456000;-500;2.66
5.478000;-500;2.27
5.498000;-500;2.66
5.519000;-500;8.90
5.540000;-500;3.44
5.561000;-500;8.90
5.581000;-500;3.44
5.603000;-500;2.66
5.623000;-500;3.05
5.643000;-500;4.22
5.665000;-500;8.90
5.685000;-500;3.44
5.706000;-500;3.44
5.726000;-500;3.83
5.748000;-500;9.29
5.768000;-500;3.83
5.789000;-500;9.68
5.810000;-500;3.44
5.831000;-500;3.05
5.851000;-500;3.05
5.873000;-500;3.83
5.893000;-500;4.22
5.914000;-500;4.22
5.935000;-500;5.00
5.956000;-500;3.83
5.976000;-500;10.46
5.999000;-500;5.00
6.019000;-500;3.83
6.040000;-500;4.61
6.060000;-500;10.07
6.083000;-500;10.07
6.104000;-500;5.78
6.125000;-500;10.46
6.147000;-500;9.68
6.168000;-500;4.61
6.188000;-500;10.85
6.211000;-500;5.78
6.231000;-500;5.39
6.252000;-500;4.61
6.273000;-500;5.00
6.294000;-500;5.00
6.314000;-500;10.46
6.337000;-500;11.24
6.358000;-500;5.78
6.379000;-500;5.78
6.400000;-500;5.39
6.421000;-500;11.24
6.442000;-500;11.63
6.465000;-500;5.39
6.485000;-500;5.39
6.506000;-500;5.00
6.526000;-500;11.24
6.549000;-500;12.02
6.570000;-500;6.17
6.591000;-500;6.17
6.612000;-500;6.17
6.633000;-500;11.24
6.654000;-500;12.02
6.677000;-500;5.78
6.697000;-500;6.56
6.718000;-500;5.39
6.739000;-500;11.63
6.761000;-500;12.02
6.782000;-500;6.56
6.804000;-500;12.41
6.825000;-500;12.41
6.847000;-500;7.34
6.868000;-500;6.17
6.889000;-500;6.56
6.909000;-500;6.17
6.931000;-500;6.17
6.951000;-500;12.41
6.973000;-500;12.41
6.995000;-500;7.34
7.016000;-500;7.34
7.036000;-500;7.34
7.057000;-500;12.41
7.079000;-500;12.41
7.101000;-500;7.34
7.121000;-500;13.19
7.144000;-500;12.80
7.165000;-500;7.73
7.186000;-500;6.95
7.207000;-500;7.73
7.228000;-500;7.73
7.248000;-500;7.34
7.270000;-500;7.73
7.290000;-500;7.73
7.311000;-500;13.19
7.333000;-500;7.34
7.354000;-500;7.34
7.374000;-500;7.73
7.396000;-500;7.73
7.416000;-500;7.34
7.436000;-500;13.58
7.458000;-500;13.19
7.481000;-500;8.12
7.501000;-500;8.12
7.521000;-500;7.34
7.543000;-500;14.75
7.564000;-500;13.58
7.586000;-500;8.12
7.608000;-500;8.12
7.628000;-500;7.73
7.648000;-500;13.97
7.671000;-500;13.97
7.692000;-500;8.12
7.713000;-500;8.12
7.734000;-500;7.73
7.755000;-500;14.36
7.776000;-500;13.97
7.799000;-500;8.51
7.819000;-500;8.51
7.840000;-500;8.90
7.861000;-500;8.51
7.882000;-500;8.12
7.902000;-500;14.36
7.924000;-500;8.51
7.945000;-500;8.90
7.966000;-500;8.90
7.986000;-500;15.14
8.009000;-500;14.75
8.030000;-500;8.51
8.051000;-500;8.90
8.072000;-500;8.90
8.093000;-500;9.29
8.113000;-500;8.51
8.135000;-500;9.29
8.155000;-500;8.51
8.176000;-500;15.14
8.198000;-500;9.29
8.219000;-500;8.90
8.239000;-500;9.29
8.261000;-500;15.14
8.282000;-500;15.53
8.304000;-500;9.68
8.324000;-500;9.68
8.346000;-500;9.29
8.366000;-500;9.68
8.387000;-500;9.29
8.408000;-500;14.75
8.430000;-500;9.29
8.450000;-500;9.29
8.472000;-500;9.68
8.492000;-500;9.29
8.513000;-500;9.68
8.534000;-500;10.46
8.556000;-500;15.92
8.577000;-500;9.68
8.599000;-500;8.90
8.619000;-500;9.29
8.640000;-500;15.14
8.662000;-500;15.53
8.684000;-500;10.07
8.705000;-500;9.68
8.727000;-500;15.14
8.748000;-500;9.29
8.769000;-500;9.68
8.789000;-500;10.07
8.812000;-500;9.68
8.832000;-500;16.31
8.854000;-500;9.29
8.875000;-500;10.07
8.897000;-500;10.46
8.918000;-500;10.07
8.941000;-500;10.07
8.962000;-500;10.07
8.984000;-500;10.07
9.006000;-500;9.68
9.027000;-500;10.46
9.048000;-500;10.07
9.071000;-500;10.46
9.092000;-500;10.07
9.114000;-500;16.31
9.136000;-500;10.85
9.158000;-500;10.46
9.179000;-500;9.68
9.201000;-500;15.92
9.222000;-500;10.85
9.244000;-500;10.07
9.266000;-500;10.85
9.288000;-500;10.85
9.309000;-500;15.92
9.332000;-500;10.46
9.353000;-500;10.85
9.375000;-500;10.46
9.397000;-500;16.31
9.419000;-500;10.07
9.440000;-500;16.31
9.463000;-500;10.07
9.484000;-500;10.46
9.506000;-500;10.85
9.529000;-500;10.85
9.550000;-500;15.92
9.572000;-500;16.70
9.594000;-500;11.24
9.616000;-500;10.46
9.637000;-500;11.24
9.660000;-500;16.70
9.681000;-500;16.70
9.703000;-500;10.46
9.725000;-500;11.63
9.747000;-500;10.85
9.768000;-500;10.85
9.791000;-500;11.24
9.812000;-500;16.70
9.834000;-500;11.63
9.855000;-500;11.24
9.878000;-500;10.85
9.899000;-500;11.63
9.921000;-500;12.02
9.943000;-500;16.70
9.965000;-500;11.63
9.986000;-500;10.85
10.009000;500;17.09
10.030000;500;200.00
10.053000;500;200.00
10.076000;500;200.00
10.099000;500;166.85
10.121000;500;160.22
10.145000;500;150.86
10.168000;500;137.21
10.191000;500;136.04
10.214000;500;129.41
10.236000;500;125.12
10.260000;500;120.44
10.282000;500;113.42
10.305000;500;107.18
10.328000;500;104.06
10.351000;500;107.57
10.373000;500;105.23
10.397000;500;102.50
10.419000;500;95.09
10.441000;500;95.87
10.463000;500;97.04
10.485000;500;95.48
10.506000;500;93.92
10.529000;500;92.36
10.550000;500;85.34
10.572000;500;89.63
10.595000;500;88.85
10.616000;500;87.68
10.638000;500;86.12
10.660000;500;86.90
10.682000;500;78.71
10.703000;500;83.39
10.726000;500;82.61
10.747000;500;82.22
10.769000;500;81.05
10.791000;500;80.66
10.813000;500;77.15
10.834000;500;78.71
10.857000;500;78.32
10.878000;500;77.93
10.900000;500;77.54
10.922000;500;76.37
10.944000;500;75.59
10.965000;500;75.20
10.987000;500;74.81
11.009000;500;74.42
11.031000;500;66.62
11.052000;500;74.03
11.075000;500;72.86
11.096000;500;72.47
11.118000;500;72.08
11.140000;500;71.69
11.162000;500;65.45
11.183000;500;67.79
11.206000;500;70.52
11.227000;500;70.13
11.249000;500;64.67
11.271000;500;68.96
11.293000;500;62.72
11.314000;500;68.96
11.337000;500;68.57
11.358000;500;67.79
11.380000;500;67.40
11.402000;500;60.38
11.424000;500;61.16
11.445000;500;66.62
11.468000;500;66.23
11.489000;500;66.23
11.511000;500;66.23
11.534000;500;59.60
11.555000;500;62.72
11.577000;500;65.45
11.599000;500;64.67
11.621000;500;64.67
11.642000;500;64.28
11.665000;500;58.43
11.686000;500;63.50
11.708000;500;63.89
11.730000;500;63.11
11.752000;500;63.11
11.773000;500;56.09
11.796000;500;62.33
11.817000;500;62.33
11.839000;500;62.72
11.861000;500;62.33
11.883000;500;61.55
11.904000;500;56.09
11.927000;500;59.21
11.948000;500;61.16
11.970000;500;61.55
11.992000;500;56.09
12.014000;500;60.77
12.035000;500;54.92
12.058000;500;60.38
12.079000;500;59.99
12.101000;500;60.38
12.123000;500;54.14
12.145000;500;52.19
12.166000;500;54.14
12.189000;500;59.60
12.210000;500;59.60
12.232000;500;59.60
12.254000;500;53.36
12.276000;500;53.36
12.297000;500;56.87
12.320000;500;58.04
12.341000;500;58.82
12.363000;500;58.43
12.384000;500;52.58
12.407000;500;52.19
12.428000;500;57.65
12.450000;500;58.04
12.473000;500;58.04
12.494000;500;57.65
12.516000;500;50.24
12.538000;500;51.80
12.560000;500;57.65
12.581000;500;57.26
12.604000;500;57.26
12.625000;500;57.26
12.647000;500;56.48
12.669000;500;54.14
12.691000;500;56.48
12.712000;500;56.87
12.735000;500;56.87
12.756000;500;56.48
12.778000;500;50.24
12.800000;500;56.09
12.822000;500;56.09
12.843000;500;55.31
12.866000;500;56.09
12.887000;500;48.29
12.909000;500;49.46
12.931000;500;55.70
12.953000;500;55.70
12.974000;500;54.53
12.997000;500;55.31
13.018000;500;49.46
13.040000;500;52.58
13.062000;500;55.31
13.084000;500;55.31
13.105000;500;55.31
13.128000;500;54.92
13.149000;500;48.68
13.171000;500;54.14
13.193000;500;54.53
13.215000;500;54.92
13.236000;500;54.14
13.259000;500;55.31
13.280000;500;48.29
13.302000;500;52.97
13.324000;500;54.14
13.346000;500;53.75
13.368000;500;53.75
13.390000;500;53.75
13.412000;500;51.41
13.433000;500;53.75
13.456000;500;54.14
13.477000;500;53.75
13.499000;500;52.97
13.521000;500;52.97
13.543000;500;53.36
13.564000;500;52.97
13.587000;500;53.36
13.608000;500;53.75
13.630000;500;45.56
13.652000;500;52.97
13.674000;500;52.97
13.695000;500;52.97
13.718000;500;53.75
13.739000;500;53.36
13.761000;500;46.73
13.782000;500;50.24
13.805000;500;52.58
13.826000;500;52.58
13.848000;500;47.51
13.870000;500;52.19
13.892000;500;46.34
13.913000;500;52.19
13.936000;500;51.80
13.957000;500;52.19
13.979000;500;45.95
14.001000;500;44.39
14.023000;500;45.95
14.044000;500;52.58
14.067000;500;52.19
14.088000;500;52.19
14.110000;500;45.56
14.132000;500;45.95
14.154000;500;49.46
14.175000;500;51.41
14.198000;500;51.41
14.219000;500;51.80
14.241000;500;51.41
14.264000;500;45.56
14.285000;500;51.02
14.307000;500;51.41
14.329000;500;51.41
14.351000;500;51.02
14.372000;500;44.00
14.395000;500;45.17
14.416000;500;51.41
14.438000;500;51.41
14.460000;500;51.02
14.482000;500;50.63
14.503000;500;44.78
14.526000;500;48.29
14.547000;500;50.63
14.569000;500;51.02
14.591000;500;45.17
14.613000;500;50.63
14.634000;500;44.78
14.657000;500;49.85
14.678000;500;50.63
14.700000;500;51.02
14.722000;500;45.17
14.744000;500;43.22
14.765000;500;44.78
14.788000;500;50.63
14.809000;500;49.85
14.831000;500;50.63
14.853000;500;44.00
14.875000;500;44.78
14.896000;500;47.51
14.919000;500;49.85
14.940000;500;50.24
14.962000;500;50.63
14.984000;500;49.85

Acquisition complétée
